(0, 0)
(61, 14)
(2, 6)
(0, 1)
(37, 2)
(61, 4)
(0, 2)
(25, 10)
(35, 9)
(0, 3)
(63, 7)
(12, 5)
(0, 4)
(26, 1)
(58, 13)
(0, 5)
(28, 14)
(22, 4)
(0, 6)
(40, 13)
(53, 1)
(0, 7)
(56, 3)
(46, 1)
(0, 8)
(33, 11)
(26, 1)
(0, 9)
(1, 9)
(5, 14)
(0, 10)
(35, 7)
(6, 11)
(0, 11)
(36, 2)
(50, 11)
(0, 12)
(14, 8)
(55, 8)
(0, 13)
(22, 8)
(7, 11)
(0, 14)
(42, 14)
(6, 4)
(0, 15)
(41, 3)
(30, 11)
(1, 0)
(25, 9)
(35, 15)
(1, 1)
(37, 6)
(42, 2)
(1, 2)
(47, 3)
(21, 13)
(1, 3)
(37, 4)
(9, 15)
(1, 4)
(44, 7)
(38, 7)
(1, 5)
(29, 14)
(6, 2)
(1, 6)
(37, 1)
(30, 1)
(1, 7)
(31, 14)
(3, 5)
(1, 8)
(7, 4)
(50, 1)
(1, 9)
(13, 13)
(0, 9)
(1, 10)
(24, 2)
(13, 5)
(1, 11)
(8, 15)
(35, 3)
(1, 12)
(26, 6)
(3, 7)
(1, 13)
(5, 11)
(6, 12)
(1, 14)
(61, 6)
(42, 10)
(1, 15)
(20, 11)
(37, 12)
(2, 0)
(35, 0)
(42, 7)
(2, 1)
(24, 3)
(12, 5)
(2, 2)
(60, 6)
(54, 5)
(2, 3)
(14, 9)
(48, 9)
(2, 4)
(38, 8)
(31, 1)
(2, 5)
(45, 14)
(54, 10)
(2, 6)
(0, 0)
(46, 4)
(2, 7)
(3, 13)
(6, 7)
(2, 8)
(42, 8)
(33, 6)
(2, 9)
(19, 6)
(18, 0)
(2, 10)
(34, 11)
(9, 1)
(2, 11)
(47, 7)
(35, 6)
(2, 12)
(49, 11)
(57, 5)
(2, 13)
(16, 15)
(48, 8)
(2, 14)
(49, 3)
(7, 14)
(2, 15)
(55, 5)
(42, 15)
(3, 0)
(37, 13)
(30, 1)
(3, 1)
(47, 0)
(61, 1)
(3, 2)
(15, 3)
(48, 5)
(3, 3)
(54, 11)
(44, 13)
(3, 4)
(19, 6)
(60, 14)
(3, 5)
(1, 7)
(15, 14)
(3, 6)
(37, 7)
(19, 9)
(3, 7)
(1, 12)
(41, 10)
(3, 8)
(20, 3)
(9, 5)
(3, 9)
(38, 13)
(61, 3)
(3, 10)
(48, 15)
(47, 5)
(3, 11)
(27, 3)
(48, 0)
(3, 12)
(28, 0)
(54, 15)
(3, 13)
(2, 7)
(41, 4)
(3, 14)
(24, 0)
(31, 2)
(3, 15)
(28, 13)
(24, 1)
(4, 0)
(59, 8)
(11, 9)
(4, 1)
(60, 10)
(12, 6)
(4, 2)
(60, 0)
(38, 5)
(4, 3)
(24, 11)
(43, 1)
(4, 4)
(29, 1)
(10, 11)
(4, 5)
(22, 3)
(21, 6)
(4, 6)
(42, 1)
(55, 0)
(4, 7)
(15, 1)
(4, 11)
(4, 8)
(20, 9)
(60, 1)
(4, 9)
(55, 15)
(21, 7)
(4, 10)
(11, 6)
(9, 9)
(4, 11)
(4, 7)
(44, 13)
(4, 12)
(48, 9)
(14, 9)
(4, 13)
(62, 10)
(47, 12)
(4, 14)
(6, 15)
(23, 10)
(4, 15)
(10, 9)
(36, 9)
(5, 0)
(61, 12)
(26, 4)
(5, 1)
(31, 0)
(9, 9)
(5, 2)
(5, 7)
(37, 8)
(5, 3)
(44, 14)
(17, 12)
(5, 4)
(51, 3)
(26, 8)
(5, 5)
(48, 2)
(15, 11)
(5, 6)
(58, 8)
(10, 13)
(5, 7)
(5, 2)
(25, 5)
(5, 8)
(33, 10)
(7, 0)
(5, 9)
(62, 1)
(49, 7)
(5, 10)
(63, 15)
(47, 10)
(5, 11)
(1, 13)
(51, 12)
(5, 12)
(62, 1)
(35, 4)
(5, 13)
(60, 14)
(32, 11)
(5, 14)
(0, 9)
(39, 1)
(5, 15)
(15, 13)
(46, 10)
(6, 0)
(29, 12)
(16, 10)
(6, 1)
(57, 6)
(46, 15)
(6, 2)
(29, 0)
(1, 5)
(6, 3)
(42, 6)
(59, 13)
(6, 4)
(38, 0)
(0, 14)
(6, 5)
(23, 12)
(16, 9)
(6, 6)
(52, 13)
(39, 0)
(6, 7)
(28, 1)
(17, 1)
(6, 8)
(13, 4)
(15, 8)
(6, 9)
(34, 0)
(19, 10)
(6, 10)
(62, 6)
(10, 11)
(6, 11)
(23, 6)
(10, 4)
(6, 12)
(16, 4)
(1, 13)
(6, 13)
(22, 0)
(34, 3)
(6, 14)
(51, 11)
(36, 3)
(6, 15)
(4, 14)
(19, 4)
(7, 0)
(52, 7)
(5, 8)
(7, 1)
(59, 7)
(30, 9)
(7, 2)
(53, 1)
(39, 10)
(7, 3)
(10, 7)
(27, 2)
(7, 4)
(1, 8)
(62, 0)
(7, 5)
(61, 9)
(59, 11)
(7, 6)
(56, 8)
(41, 5)
(7, 7)
(24, 6)
(31, 15)
(7, 8)
(51, 0)
(44, 6)
(7, 9)
(54, 4)
(46, 12)
(7, 10)
(60, 6)
(22, 7)
(7, 11)
(0, 13)
(31, 8)
(7, 12)
(33, 6)
(59, 8)
(7, 13)
(63, 0)
(27, 9)
(7, 14)
(2, 14)
(23, 2)
(7, 15)
(59, 0)
(30, 10)
(8, 0)
(43, 2)
(51, 8)
(8, 1)
(48, 11)
(38, 15)
(8, 2)
(29, 10)
(13, 3)
(8, 3)
(39, 15)
(56, 14)
(8, 4)
(18, 6)
(11, 12)
(8, 5)
(50, 7)
(59, 3)
(8, 6)
(60, 4)
(38, 6)
(8, 7)
(44, 5)
(13, 5)
(8, 8)
(57, 14)
(53, 8)
(8, 9)
(36, 1)
(19, 0)
(8, 10)
(24, 4)
(16, 14)
(8, 11)
(61, 6)
(36, 13)
(8, 12)
(18, 4)
(53, 12)
(8, 13)
(24, 7)
(32, 1)
(8, 14)
(29, 8)
(42, 11)
(8, 15)
(1, 11)
(56, 6)
(9, 0)
(48, 4)
(14, 5)
(9, 1)
(34, 11)
(17, 3)
(9, 2)
(27, 7)
(48, 7)
(9, 3)
(9, 15)
(62, 7)
(9, 4)
(55, 15)
(42, 14)
(9, 5)
(3, 8)
(9, 10)
(9, 6)
(35, 6)
(47, 7)
(9, 7)
(47, 3)
(19, 5)
(9, 8)
(56, 12)
(19, 15)
(9, 9)
(4, 10)
(11, 6)
(9, 10)
(40, 15)
(9, 5)
(9, 11)
(45, 2)
(42, 10)
(9, 12)
(35, 4)
(52, 10)
(9, 13)
(59, 5)
(17, 4)
(9, 14)
(10, 6)
(28, 0)
(9, 15)
(9, 3)
(1, 3)
(10, 0)
(15, 9)
(31, 15)
(10, 1)
(62, 5)
(18, 1)
(10, 2)
(15, 10)
(25, 15)
(10, 3)
(43, 3)
(48, 11)
(10, 4)
(23, 6)
(59, 1)
(10, 5)
(13, 11)
(19, 7)
(10, 6)
(41, 4)
(9, 14)
(10, 7)
(46, 4)
(7, 3)
(10, 8)
(17, 15)
(60, 13)
(10, 9)
(4, 15)
(35, 5)
(10, 10)
(20, 12)
(34, 2)
(10, 11)
(4, 4)
(6, 10)
(10, 12)
(22, 6)
(49, 9)
(10, 13)
(5, 6)
(48, 14)
(10, 14)
(22, 2)
(21, 1)
(10, 15)
(26, 8)
(26, 9)
(11, 0)
(35, 2)
(32, 14)
(11, 1)
(36, 11)
(17, 13)
(11, 2)
(30, 13)
(25, 6)
(11, 3)
(17, 7)
(42, 8)
(11, 4)
(29, 0)
(31, 11)
(11, 5)
(53, 3)
(19, 8)
(11, 6)
(4, 10)
(9, 9)
(11, 7)
(30, 13)
(47, 10)
(11, 8)
(54, 6)
(63, 10)
(11, 9)
(46, 5)
(50, 12)
(11, 10)
(30, 15)
(43, 14)
(11, 11)
(59, 9)
(52, 11)
(11, 12)
(21, 14)
(8, 4)
(11, 13)
(29, 2)
(43, 14)
(11, 14)
(31, 8)
(52, 6)
(11, 15)
(20, 1)
(29, 15)
(12, 0)
(59, 15)
(55, 1)
(12, 1)
(30, 15)
(56, 12)
(12, 2)
(10, 0)
(7, 7)
(12, 3)
(33, 9)
(19, 11)
(12, 4)
(60, 9)
(40, 14)
(12, 5)
(0, 3)
(2, 1)
(12, 6)
(56, 2)
(4, 1)
(12, 7)
(18, 2)
(14, 0)
(12, 8)
(17, 12)
(13, 2)
(12, 9)
(15, 12)
(35, 10)
(12, 10)
(61, 15)
(33, 10)
(12, 11)
(49, 10)
(39, 1)
(12, 12)
(57, 1)
(6, 0)
(12, 13)
(53, 2)
(57, 0)
(12, 14)
(14, 2)
(13, 14)
(12, 15)
(24, 10)
(49, 8)
(13, 0)
(56, 1)
(46, 11)
(13, 1)
(16, 0)
(55, 5)
(13, 2)
(12, 8)
(19, 15)
(13, 3)
(11, 6)
(8, 2)
(13, 4)
(39, 5)
(6, 8)
(13, 5)
(1, 10)
(8, 7)
(13, 6)
(32, 9)
(18, 1)
(13, 7)
(45, 1)
(30, 3)
(13, 8)
(37, 12)
(41, 11)
(13, 9)
(57, 4)
(17, 10)
(13, 10)
(26, 11)
(23, 8)
(13, 11)
(10, 5)
(49, 3)
(13, 12)
(31, 5)
(40, 0)
(13, 13)
(1, 9)
(28, 14)
(13, 14)
(25, 7)
(21, 5)
(13, 15)
(61, 7)
(5, 9)
(14, 0)
(12, 7)
(36, 5)
(14, 1)
(24, 10)
(36, 0)
(14, 2)
(16, 15)
(12, 14)
(14, 3)
(27, 8)
(29, 13)
(14, 4)
(33, 4)
(62, 15)
(14, 5)
(9, 0)
(25, 2)
(14, 6)
(51, 10)
(44, 8)
(14, 7)
(15, 6)
(31, 7)
(14, 8)
(0, 12)
(51, 2)
(14, 9)
(2, 3)
(4, 12)
(14, 10)
(38, 7)
(54, 10)
(14, 11)
(39, 4)
(49, 8)
(14, 12)
(15, 12)
(27, 3)
(14, 13)
(33, 0)
(40, 7)
(14, 14)
(54, 9)
(32, 10)
(14, 15)
(48, 5)
(27, 13)
(15, 0)
(15, 9)
(61, 2)
(15, 1)
(4, 7)
(42, 6)
(15, 2)
(38, 14)
(35, 13)
(15, 3)
(44, 3)
(3, 2)
(15, 4)
(44, 9)
(54, 8)
(15, 5)
(34, 10)
(15, 8)
(15, 6)
(49, 6)
(14, 7)
(15, 7)
(30, 4)
(56, 5)
(15, 8)
(6, 8)
(15, 5)
(15, 9)
(15, 0)
(10, 0)
(15, 10)
(10, 2)
(60, 5)
(15, 11)
(53, 0)
(5, 5)
(15, 12)
(12, 9)
(14, 12)
(15, 13)
(57, 2)
(5, 15)
(15, 14)
(3, 5)
(58, 13)
(15, 15)
(56, 4)
(16, 2)
(16, 0)
(46, 1)
(13, 1)
(16, 1)
(62, 9)
(62, 13)
(16, 2)
(63, 4)
(56, 3)
(16, 3)
(27, 15)
(54, 7)
(16, 4)
(6, 12)
(23, 4)
(16, 5)
(47, 6)
(27, 5)
(16, 6)
(59, 12)
(62, 11)
(16, 7)
(57, 2)
(45, 4)
(16, 8)
(61, 5)
(54, 11)
(16, 9)
(6, 5)
(43, 6)
(16, 10)
(29, 12)
(53, 6)
(16, 11)
(31, 15)
(47, 14)
(16, 12)
(28, 7)
(32, 15)
(16, 13)
(39, 7)
(57, 14)
(16, 14)
(32, 12)
(8, 10)
(16, 15)
(2, 13)
(14, 2)
(17, 0)
(51, 13)
(24, 12)
(17, 1)
(27, 13)
(28, 1)
(17, 2)
(61, 11)
(38, 10)
(17, 3)
(9, 1)
(59, 14)
(17, 4)
(9, 13)
(28, 3)
(17, 5)
(52, 12)
(26, 9)
(17, 6)
(43, 6)
(58, 5)
(17, 7)
(11, 3)
(18, 7)
(17, 8)
(54, 14)
(50, 5)
(17, 9)
(60, 3)
(56, 10)
(17, 10)
(39, 13)
(13, 9)
(17, 11)
(37, 8)
(60, 0)
(17, 12)
(12, 8)
(5, 3)
(17, 13)
(11, 1)
(46, 3)
(17, 14)
(20, 2)
(24, 13)
(17, 15)
(10, 8)
(55, 1)
(18, 0)
(34, 12)
(2, 9)
(18, 1)
(10, 1)
(13, 6)
(18, 2)
(12, 7)
(44, 0)
(18, 3)
(25, 0)
(40, 6)
(18, 4)
(28, 12)
(8, 12)
(18, 5)
(25, 8)
(61, 2)
(18, 6)
(8, 4)
(46, 7)
(18, 7)
(17, 7)
(22, 14)
(18, 8)
(36, 1)
(60, 15)
(18, 9)
(24, 13)
(24, 14)
(18, 10)
(26, 5)
(44, 11)
(18, 11)
(33, 5)
(39, 8)
(18, 12)
(49, 13)
(38, 11)
(18, 13)
(58, 7)
(21, 9)
(18, 14)
(32, 6)
(50, 14)
(18, 15)
(50, 0)
(30, 5)
(19, 0)
(8, 9)
(46, 3)
(19, 1)
(60, 2)
(45, 13)
(19, 2)
(62, 13)
(60, 13)
(19, 3)
(58, 6)
(52, 14)
(19, 4)
(23, 14)
(6, 15)
(19, 5)
(56, 1)
(9, 7)
(19, 6)
(3, 4)
(2, 9)
(19, 7)
(10, 5)
(13, 11)
(19, 8)
(61, 8)
(11, 5)
(19, 9)
(40, 2)
(3, 6)
(19, 10)
(45, 8)
(6, 9)
(19, 11)
(12, 3)
(59, 2)
(19, 12)
(55, 9)
(52, 12)
(19, 13)
(24, 15)
(32, 4)
(19, 14)
(55, 0)
(20, 13)
(19, 15)
(9, 8)
(13, 2)
(20, 0)
(31, 4)
(60, 1)
(20, 1)
(49, 4)
(11, 15)
(20, 2)
(39, 11)
(17, 14)
(20, 3)
(3, 8)
(34, 12)
(20, 4)
(50, 6)
(40, 4)
(20, 5)
(47, 4)
(60, 7)
(20, 6)
(45, 3)
(41, 13)
(20, 7)
(56, 13)
(10, 1)
(20, 8)
(21, 3)
(44, 1)
(20, 9)
(4, 8)
(58, 10)
(20, 10)
(19, 7)
(55, 10)
(20, 11)
(1, 15)
(43, 7)
(20, 12)
(10, 10)
(47, 6)
(20, 13)
(56, 11)
(19, 14)
(20, 14)
(39, 11)
(61, 1)
(20, 15)
(50, 8)
(29, 6)
(21, 0)
(43, 1)
(27, 7)
(21, 1)
(60, 2)
(10, 14)
(21, 2)
(55, 11)
(50, 4)
(21, 3)
(43, 13)
(20, 8)
(21, 4)
(28, 6)
(36, 4)
(21, 5)
(21, 10)
(13, 14)
(21, 6)
(4, 5)
(25, 10)
(21, 7)
(4, 9)
(63, 0)
(21, 8)
(43, 3)
(52, 1)
(21, 9)
(44, 2)
(18, 13)
(21, 10)
(24, 7)
(21, 5)
(21, 11)
(29, 7)
(22, 8)
(21, 12)
(35, 1)
(26, 13)
(21, 13)
(1, 2)
(57, 3)
(21, 14)
(11, 12)
(59, 10)
(21, 15)
(23, 0)
(32, 15)
(22, 0)
(6, 13)
(26, 3)
(22, 1)
(26, 13)
(60, 11)
(22, 2)
(10, 14)
(45, 11)
(22, 3)
(4, 5)
(25, 6)
(22, 4)
(0, 5)
(52, 5)
(22, 5)
(61, 4)
(56, 4)
(22, 6)
(30, 6)
(10, 12)
(22, 7)
(31, 13)
(49, 6)
(22, 8)
(21, 11)
(0, 13)
(22, 9)
(33, 7)
(22, 13)
(22, 10)
(34, 0)
(49, 1)
(22, 11)
(27, 14)
(29, 5)
(22, 12)
(63, 13)
(46, 8)
(22, 13)
(27, 11)
(22, 9)
(22, 14)
(18, 7)
(32, 2)
(22, 15)
(38, 4)
(24, 9)
(23, 0)
(21, 15)
(57, 15)
(23, 1)
(62, 3)
(38, 1)
(23, 2)
(51, 5)
(7, 14)
(23, 3)
(32, 0)
(50, 5)
(23, 4)
(16, 4)
(52, 4)
(23, 5)
(42, 13)
(36, 10)
(23, 6)
(10, 4)
(6, 11)
(23, 7)
(37, 4)
(44, 10)
(23, 8)
(52, 9)
(13, 10)
(23, 9)
(51, 14)
(39, 13)
(23, 10)
(58, 15)
(4, 14)
(23, 11)
(40, 3)
(6, 6)
(23, 12)
(44, 15)
(6, 5)
(23, 13)
(40, 10)
(29, 4)
(23, 14)
(19, 4)
(55, 8)
(23, 15)
(48, 3)
(42, 9)
(24, 0)
(3, 14)
(27, 9)
(24, 1)
(50, 7)
(3, 15)
(24, 2)
(1, 10)
(58, 0)
(24, 3)
(2, 1)
(47, 11)
(24, 4)
(8, 10)
(51, 13)
(24, 5)
(32, 9)
(50, 14)
(24, 6)
(7, 7)
(49, 13)
(24, 7)
(8, 13)
(21, 10)
(24, 8)
(49, 15)
(43, 0)
(24, 9)
(22, 15)
(41, 15)
(24, 10)
(14, 1)
(12, 15)
(24, 11)
(4, 3)
(40, 0)
(24, 12)
(28, 2)
(17, 0)
(24, 13)
(18, 9)
(17, 14)
(24, 14)
(56, 15)
(18, 9)
(24, 15)
(19, 13)
(53, 7)
(25, 0)
(63, 12)
(18, 3)
(25, 1)
(30, 2)
(42, 9)
(25, 2)
(14, 5)
(26, 0)
(25, 3)
(51, 5)
(38, 10)
(25, 4)
(52, 8)
(52, 13)
(25, 5)
(40, 7)
(5, 7)
(25, 6)
(22, 3)
(11, 2)
(25, 7)
(13, 14)
(26, 6)
(25, 8)
(37, 14)
(18, 5)
(25, 9)
(1, 0)
(43, 8)
(25, 10)
(21, 6)
(0, 2)
(25, 11)
(36, 9)
(52, 14)
(25, 12)
(25, 13)
(45, 15)
(25, 13)
(46, 9)
(25, 12)
(25, 14)
(51, 6)
(28, 5)
(25, 15)
(33, 1)
(10, 2)
(26, 0)
(25, 2)
(29, 8)
(26, 1)
(0, 4)
(0, 8)
(26, 2)
(53, 0)
(41, 14)
(26, 3)
(22, 0)
(60, 10)
(26, 4)
(5, 0)
(29, 9)
(26, 5)
(18, 10)
(53, 5)
(26, 6)
(25, 7)
(1, 12)
(26, 7)
(32, 2)
(50, 9)
(26, 8)
(5, 4)
(10, 15)
(26, 9)
(19, 12)
(17, 5)
(26, 10)
(59, 8)
(31, 0)
(26, 11)
(13, 10)
(2, 11)
(26, 12)
(54, 6)
(53, 5)
(26, 13)
(22, 1)
(21, 12)
(26, 14)
(46, 2)
(43, 15)
(26, 15)
(39, 3)
(56, 11)
(27, 0)
(51, 10)
(56, 6)
(27, 1)
(43, 4)
(56, 0)
(27, 2)
(59, 3)
(7, 3)
(27, 3)
(3, 11)
(14, 12)
(27, 4)
(30, 5)
(56, 8)
(27, 5)
(16, 5)
(62, 6)
(27, 6)
(38, 11)
(24, 6)
(27, 7)
(9, 2)
(21, 0)
(27, 8)
(14, 3)
(43, 5)
(27, 9)
(24, 0)
(7, 13)
(27, 10)
(55, 11)
(36, 15)
(27, 11)
(22, 13)
(63, 11)
(27, 12)
(54, 0)
(56, 14)
(27, 13)
(17, 1)
(14, 15)
(27, 14)
(22, 11)
(18, 12)
(27, 15)
(16, 3)
(51, 8)
(28, 0)
(3, 12)
(9, 14)
(28, 1)
(6, 7)
(17, 1)
(28, 2)
(24, 12)
(58, 12)
(28, 3)
(17, 4)
(42, 0)
(28, 4)
(58, 9)
(62, 0)
(28, 5)
(55, 3)
(25, 14)
(28, 6)
(30, 4)
(21, 4)
(28, 7)
(53, 3)
(16, 12)
(28, 8)
(48, 12)
(43, 11)
(28, 9)
(58, 4)
(37, 9)
(28, 10)
(31, 6)
(38, 5)
(28, 11)
(39, 12)
(59, 6)
(28, 12)
(18, 4)
(44, 6)
(28, 13)
(3, 15)
(45, 7)
(28, 14)
(13, 13)
(26, 8)
(28, 15)
(50, 0)
(49, 12)
(29, 0)
(6, 2)
(11, 4)
(29, 1)
(53, 9)
(4, 4)
(29, 2)
(11, 13)
(63, 5)
(29, 3)
(60, 9)
(51, 4)
(29, 4)
(23, 13)
(32, 3)
(29, 5)
(41, 1)
(22, 11)
(29, 6)
(20, 15)
(44, 12)
(29, 7)
(49, 1)
(21, 11)
(29, 8)
(8, 14)
(26, 0)
(29, 9)
(34, 8)
(26, 4)
(29, 10)
(8, 2)
(61, 12)
(29, 11)
(53, 10)
(49, 14)
(29, 12)
(6, 0)
(16, 10)
(29, 13)
(42, 0)
(14, 3)
(29, 14)
(1, 5)
(63, 2)
(29, 15)
(57, 6)
(11, 15)
(30, 0)
(58, 4)
(35, 8)
(30, 1)
(3, 0)
(1, 6)
(30, 2)
(25, 1)
(37, 15)
(30, 3)
(52, 2)
(13, 7)
(30, 4)
(28, 6)
(15, 7)
(30, 5)
(27, 4)
(18, 15)
(30, 6)
(22, 6)
(53, 14)
(30, 7)
(38, 12)
(54, 3)
(30, 8)
(43, 9)
(27, 6)
(30, 9)
(62, 15)
(7, 1)
(30, 10)
(7, 15)
(36, 11)
(30, 11)
(42, 4)
(0, 15)
(30, 12)
(57, 7)
(34, 15)
(30, 13)
(11, 2)
(11, 7)
(30, 14)
(62, 7)
(46, 0)
(30, 15)
(12, 1)
(11, 10)
(31, 0)
(5, 1)
(26, 10)
(31, 1)
(35, 1)
(2, 4)
(31, 2)
(44, 11)
(3, 14)
(31, 3)
(51, 1)
(39, 9)
(31, 4)
(20, 0)
(58, 10)
(31, 5)
(13, 12)
(55, 3)
(31, 6)
(28, 10)
(45, 6)
(31, 7)
(45, 2)
(14, 7)
(31, 8)
(11, 14)
(7, 11)
(31, 9)
(57, 13)
(35, 13)
(31, 10)
(42, 15)
(55, 13)
(31, 11)
(42, 13)
(11, 4)
(31, 12)
(51, 15)
(55, 2)
(31, 13)
(22, 7)
(43, 9)
(31, 14)
(1, 7)
(32, 7)
(31, 15)
(16, 11)
(10, 0)
(32, 0)
(23, 3)
(35, 11)
(32, 1)
(8, 13)
(47, 0)
(32, 2)
(26, 7)
(22, 14)
(32, 3)
(57, 5)
(29, 4)
(32, 4)
(38, 12)
(19, 13)
(32, 5)
(58, 2)
(40, 8)
(32, 6)
(18, 14)
(50, 14)
(32, 7)
(57, 13)
(31, 14)
(32, 8)
(40, 4)
(20, 4)
(32, 9)
(13, 6)
(24, 5)
(32, 10)
(39, 14)
(14, 14)
(32, 11)
(5, 13)
(53, 15)
(32, 12)
(16, 14)
(33, 12)
(32, 13)
(34, 8)
(45, 8)
(32, 14)
(47, 14)
(11, 0)
(32, 15)
(21, 15)
(16, 12)
(33, 0)
(14, 13)
(62, 3)
(33, 1)
(25, 15)
(41, 8)
(33, 2)
(34, 9)
(34, 6)
(33, 3)
(52, 10)
(49, 2)
(33, 4)
(53, 13)
(14, 4)
(33, 5)
(33, 13)
(18, 11)
(33, 6)
(2, 8)
(7, 12)
(33, 7)
(22, 9)
(50, 12)
(33, 8)
(40, 2)
(46, 6)
(33, 9)
(12, 3)
(37, 3)
(33, 10)
(5, 8)
(12, 10)
(33, 11)
(0, 8)
(53, 12)
(33, 12)
(45, 7)
(32, 12)
(33, 13)
(33, 5)
(40, 11)
(33, 14)
(48, 7)
(62, 9)
(33, 15)
(7, 12)
(4, 0)
(34, 0)
(22, 10)
(6, 9)
(34, 1)
(45, 10)
(52, 3)
(34, 2)
(49, 15)
(10, 10)
(34, 3)
(6, 13)
(36, 3)
(34, 4)
(57, 15)
(45, 5)
(34, 5)
(61, 15)
(53, 8)
(34, 6)
(36, 14)
(33, 2)
(34, 7)
(37, 11)
(49, 9)
(34, 8)
(32, 13)
(29, 9)
(34, 9)
(42, 11)
(33, 2)
(34, 10)
(15, 5)
(51, 4)
(34, 11)
(2, 10)
(9, 1)
(34, 12)
(20, 3)
(18, 0)
(34, 13)
(50, 13)
(2, 3)
(34, 14)
(40, 3)
(61, 5)
(34, 15)
(59, 14)
(30, 12)
(35, 0)
(43, 10)
(2, 0)
(35, 1)
(21, 12)
(31, 1)
(35, 2)
(40, 11)
(41, 1)
(35, 3)
(45, 11)
(1, 11)
(35, 4)
(9, 12)
(5, 12)
(35, 5)
(36, 7)
(10, 9)
(35, 6)
(9, 6)
(47, 7)
(35, 7)
(0, 10)
(43, 11)
(35, 8)
(37, 14)
(30, 0)
(35, 9)
(46, 5)
(0, 2)
(35, 10)
(12, 9)
(57, 10)
(35, 11)
(32, 0)
(50, 2)
(35, 12)
(53, 6)
(59, 2)
(35, 13)
(31, 9)
(15, 2)
(35, 14)
(48, 10)
(40, 9)
(35, 15)
(1, 0)
(42, 7)
(36, 0)
(14, 1)
(33, 5)
(36, 1)
(8, 9)
(18, 8)
(36, 2)
(0, 11)
(57, 8)
(36, 3)
(6, 14)
(34, 3)
(36, 4)
(21, 4)
(38, 9)
(36, 5)
(38, 6)
(14, 0)
(36, 6)
(50, 3)
(38, 9)
(36, 7)
(49, 7)
(35, 5)
(36, 8)
(56, 9)
(36, 13)
(36, 9)
(4, 15)
(25, 11)
(36, 10)
(23, 5)
(60, 8)
(36, 11)
(11, 1)
(30, 10)
(36, 12)
(39, 4)
(54, 1)
(36, 13)
(36, 8)
(8, 11)
(36, 14)
(41, 10)
(34, 6)
(36, 15)
(63, 1)
(27, 10)
(37, 0)
(37, 6)
(63, 12)
(37, 1)
(1, 6)
(57, 1)
(37, 2)
(0, 1)
(40, 5)
(37, 3)
(33, 9)
(12, 3)
(37, 4)
(23, 7)
(1, 3)
(37, 5)
(55, 10)
(35, 6)
(37, 6)
(1, 1)
(37, 0)
(37, 7)
(3, 6)
(56, 15)
(37, 8)
(17, 11)
(5, 2)
(37, 9)
(28, 9)
(56, 10)
(37, 10)
(42, 12)
(59, 11)
(37, 11)
(34, 7)
(63, 6)
(37, 12)
(13, 8)
(1, 15)
(37, 13)
(3, 0)
(39, 9)
(37, 14)
(25, 8)
(35, 8)
(37, 15)
(45, 5)
(30, 2)
(38, 0)
(49, 14)
(6, 4)
(38, 1)
(51, 7)
(23, 1)
(38, 2)
(52, 13)
(50, 14)
(38, 3)
(38, 13)
(52, 0)
(38, 4)
(41, 0)
(22, 15)
(38, 5)
(4, 2)
(28, 10)
(38, 6)
(8, 6)
(36, 5)
(38, 7)
(14, 10)
(1, 4)
(38, 8)
(2, 4)
(55, 7)
(38, 9)
(36, 4)
(36, 6)
(38, 10)
(25, 3)
(17, 2)
(38, 11)
(18, 12)
(27, 6)
(38, 12)
(30, 7)
(32, 4)
(38, 13)
(3, 9)
(38, 3)
(38, 14)
(15, 2)
(41, 9)
(38, 15)
(49, 10)
(8, 1)
(39, 0)
(47, 15)
(6, 6)
(39, 1)
(12, 11)
(5, 14)
(39, 2)
(59, 9)
(41, 13)
(39, 3)
(26, 15)
(62, 10)
(39, 4)
(36, 12)
(14, 11)
(39, 5)
(13, 4)
(48, 4)
(39, 6)
(43, 0)
(50, 2)
(39, 7)
(16, 13)
(58, 1)
(39, 8)
(18, 11)
(52, 8)
(39, 9)
(37, 13)
(31, 3)
(39, 10)
(54, 8)
(44, 9)
(39, 11)
(20, 14)
(20, 2)
(39, 12)
(28, 11)
(7, 8)
(39, 13)
(23, 9)
(17, 10)
(39, 14)
(49, 0)
(32, 10)
(39, 15)
(8, 3)
(54, 0)
(40, 0)
(24, 11)
(13, 12)
(40, 1)
(55, 14)
(45, 0)
(40, 2)
(33, 8)
(19, 9)
(40, 3)
(34, 14)
(23, 11)
(40, 4)
(20, 4)
(32, 8)
(40, 5)
(52, 1)
(37, 2)
(40, 6)
(18, 3)
(37, 3)
(40, 7)
(25, 5)
(14, 13)
(40, 8)
(58, 11)
(32, 5)
(40, 9)
(35, 14)
(47, 4)
(40, 10)
(23, 13)
(55, 13)
(40, 11)
(35, 2)
(33, 13)
(40, 12)
(53, 9)
(29, 1)
(40, 13)
(0, 6)
(39, 10)
(40, 14)
(12, 4)
(46, 13)
(40, 15)
(9, 10)
(63, 1)
(41, 0)
(38, 4)
(60, 15)
(41, 1)
(29, 5)
(35, 2)
(41, 2)
(55, 12)
(57, 10)
(41, 3)
(54, 12)
(0, 15)
(41, 4)
(3, 13)
(10, 6)
(41, 5)
(7, 6)
(48, 3)
(41, 6)
(45, 9)
(62, 14)
(41, 7)
(47, 15)
(0, 11)
(41, 8)
(33, 1)
(49, 5)
(41, 9)
(38, 14)
(59, 10)
(41, 10)
(36, 14)
(3, 7)
(41, 11)
(13, 8)
(63, 9)
(41, 12)
(58, 2)
(43, 7)
(41, 13)
(20, 6)
(39, 2)
(41, 14)
(56, 5)
(26, 2)
(41, 15)
(63, 14)
(24, 9)
(42, 0)
(28, 3)
(29, 13)
(42, 1)
(4, 6)
(54, 14)
(42, 2)
(1, 1)
(52, 15)
(42, 3)
(47, 12)
(43, 10)
(42, 4)
(30, 11)
(11, 0)
(42, 5)
(52, 11)
(49, 12)
(42, 6)
(15, 1)
(6, 3)
(42, 7)
(35, 15)
(2, 0)
(42, 8)
(2, 8)
(11, 3)
(42, 9)
(23, 15)
(25, 1)
(42, 10)
(9, 11)
(1, 14)
(42, 11)
(8, 14)
(34, 9)
(42, 12)
(62, 4)
(37, 10)
(42, 13)
(23, 5)
(31, 11)
(42, 14)
(0, 14)
(9, 4)
(42, 15)
(31, 10)
(2, 15)
(43, 0)
(24, 8)
(39, 6)
(43, 1)
(4, 3)
(21, 0)
(43, 2)
(8, 0)
(61, 8)
(43, 3)
(10, 3)
(21, 8)
(43, 4)
(27, 1)
(57, 0)
(43, 5)
(27, 8)
(45, 13)
(43, 6)
(16, 9)
(17, 6)
(43, 7)
(41, 12)
(20, 11)
(43, 8)
(25, 9)
(51, 12)
(43, 9)
(7, 10)
(31, 13)
(43, 10)
(35, 0)
(42, 3)
(43, 11)
(35, 7)
(28, 8)
(43, 12)
(60, 8)
(49, 4)
(43, 13)
(50, 3)
(21, 3)
(43, 14)
(11, 13)
(11, 10)
(43, 15)
(26, 14)
(57, 9)
(44, 0)
(18, 2)
(58, 11)
(44, 1)
(20, 8)
(48, 15)
(44, 2)
(45, 10)
(21, 9)
(44, 3)
(57, 7)
(15, 3)
(44, 4)
(57, 4)
(54, 12)
(44, 5)
(8, 7)
(56, 2)
(44, 6)
(28, 12)
(51, 0)
(44, 7)
(1, 4)
(52, 15)
(44, 8)
(47, 5)
(14, 6)
(44, 9)
(15, 4)
(39, 10)
(44, 10)
(23, 7)
(55, 12)
(44, 11)
(31, 2)
(18, 10)
(44, 12)
(55, 6)
(29, 6)
(44, 13)
(4, 11)
(63, 8)
(44, 14)
(5, 3)
(61, 3)
(44, 15)
(23, 12)
(57, 3)
(45, 0)
(40, 1)
(53, 2)
(45, 1)
(13, 7)
(62, 12)
(45, 2)
(31, 7)
(9, 11)
(45, 3)
(20, 6)
(63, 11)
(45, 4)
(16, 7)
(63, 3)
(45, 5)
(37, 15)
(34, 4)
(45, 6)
(50, 11)
(31, 6)
(45, 7)
(28, 13)
(33, 12)
(45, 8)
(32, 13)
(19, 10)
(45, 9)
(41, 6)
(53, 11)
(45, 10)
(34, 1)
(44, 2)
(45, 11)
(35, 3)
(22, 2)
(45, 12)
(52, 9)
(9, 6)
(45, 13)
(43, 5)
(19, 1)
(45, 14)
(2, 5)
(57, 11)
(45, 15)
(52, 3)
(25, 12)
(46, 0)
(47, 11)
(30, 14)
(46, 1)
(16, 0)
(0, 7)
(46, 2)
(26, 14)
(56, 14)
(46, 3)
(19, 0)
(17, 13)
(46, 4)
(10, 7)
(2, 6)
(46, 5)
(35, 9)
(11, 9)
(46, 6)
(33, 8)
(49, 2)
(46, 7)
(18, 6)
(56, 7)
(46, 8)
(62, 5)
(53, 4)
(46, 9)
(25, 13)
(61, 11)
(46, 10)
(52, 0)
(5, 15)
(46, 11)
(13, 0)
(53, 14)
(46, 12)
(7, 9)
(50, 11)
(46, 13)
(57, 8)
(40, 14)
(46, 14)
(51, 1)
(60, 12)
(46, 15)
(6, 1)
(63, 3)
(47, 0)
(3, 1)
(32, 1)
(47, 1)
(60, 12)
(58, 5)
(47, 2)
(61, 7)
(57, 11)
(47, 3)
(1, 2)
(9, 7)
(47, 4)
(20, 5)
(40, 9)
(47, 5)
(44, 8)
(3, 10)
(47, 6)
(16, 5)
(20, 12)
(47, 7)
(2, 11)
(9, 6)
(47, 8)
(56, 0)
(27, 1)
(47, 9)
(60, 4)
(59, 13)
(47, 10)
(11, 7)
(5, 10)
(47, 11)
(24, 3)
(46, 0)
(47, 12)
(42, 3)
(4, 13)
(47, 13)
(61, 9)
(57, 12)
(47, 14)
(32, 14)
(49, 13)
(47, 15)
(39, 0)
(41, 7)
(48, 0)
(59, 12)
(3, 11)
(48, 1)
(48, 6)
(62, 2)
(48, 2)
(59, 4)
(5, 5)
(48, 3)
(41, 5)
(23, 15)
(48, 4)
(9, 0)
(39, 5)
(48, 5)
(3, 2)
(14, 15)
(48, 6)
(48, 1)
(4, 12)
(48, 7)
(33, 14)
(9, 2)
(48, 8)
(61, 13)
(2, 13)
(48, 9)
(4, 12)
(2, 3)
(48, 10)
(35, 14)
(20, 7)
(48, 11)
(8, 1)
(10, 3)
(48, 12)
(28, 8)
(17, 5)
(48, 13)
(63, 2)
(54, 5)
(48, 14)
(51, 6)
(10, 13)
(48, 15)
(3, 10)
(44, 1)
(49, 0)
(39, 14)
(58, 14)
(49, 1)
(22, 10)
(29, 7)
(49, 2)
(33, 3)
(46, 6)
(49, 3)
(2, 14)
(13, 11)
(49, 4)
(43, 12)
(20, 1)
(49, 5)
(41, 8)
(32, 8)
(49, 6)
(15, 6)
(22, 7)
(49, 7)
(36, 7)
(40, 12)
(49, 8)
(14, 11)
(12, 15)
(49, 9)
(34, 7)
(10, 12)
(49, 10)
(12, 11)
(38, 15)
(49, 11)
(51, 3)
(2, 12)
(49, 12)
(42, 5)
(52, 11)
(49, 13)
(18, 12)
(41, 1)
(49, 14)
(29, 11)
(38, 0)
(49, 15)
(24, 8)
(34, 2)
(50, 0)
(28, 15)
(18, 15)
(50, 1)
(1, 8)
(7, 4)
(50, 2)
(39, 6)
(43, 0)
(50, 3)
(36, 6)
(43, 13)
(50, 4)
(58, 6)
(21, 2)
(50, 5)
(23, 3)
(17, 8)
(50, 6)
(20, 4)
(62, 2)
(50, 7)
(8, 5)
(24, 1)
(50, 8)
(20, 15)
(52, 5)
(50, 9)
(63, 7)
(26, 7)
(50, 10)
(63, 13)
(40, 9)
(50, 11)
(0, 11)
(45, 6)
(50, 12)
(33, 7)
(22, 12)
(50, 13)
(34, 13)
(2, 3)
(50, 14)
(18, 14)
(32, 6)
(50, 15)
(63, 14)
(58, 14)
(51, 0)
(7, 8)
(44, 6)
(51, 1)
(46, 14)
(60, 12)
(51, 2)
(14, 8)
(63, 4)
(51, 3)
(5, 4)
(49, 11)
(51, 4)
(34, 10)
(29, 3)
(51, 5)
(25, 3)
(23, 2)
(51, 6)
(48, 14)
(25, 14)
(51, 7)
(38, 1)
(61, 13)
(51, 8)
(27, 15)
(8, 0)
(51, 9)
(47, 4)
(50, 10)
(51, 10)
(14, 6)
(27, 0)
(51, 11)
(6, 14)
(59, 4)
(51, 12)
(43, 8)
(5, 11)
(51, 13)
(24, 4)
(17, 0)
(51, 14)
(23, 9)
(59, 15)
(51, 15)
(55, 2)
(31, 12)
(52, 0)
(38, 3)
(46, 10)
(52, 1)
(21, 8)
(40, 5)
(52, 2)
(62, 4)
(30, 3)
(52, 3)
(34, 1)
(45, 15)
(52, 4)
(23, 4)
(63, 8)
(52, 5)
(50, 8)
(17, 5)
(52, 6)
(58, 7)
(11, 14)
(52, 7)
(55, 4)
(7, 0)
(52, 8)
(25, 4)
(39, 8)
(52, 9)
(45, 12)
(47, 7)
(52, 10)
(33, 3)
(9, 12)
(52, 11)
(42, 5)
(11, 11)
(52, 12)
(19, 12)
(61, 0)
(52, 13)
(6, 6)
(38, 2)
(52, 14)
(25, 11)
(19, 3)
(52, 15)
(42, 2)
(44, 7)
(53, 0)
(15, 11)
(26, 2)
(53, 1)
(7, 2)
(54, 8)
(53, 2)
(45, 0)
(12, 13)
(53, 3)
(11, 5)
(28, 7)
(53, 4)
(56, 13)
(46, 8)
(53, 5)
(26, 12)
(26, 5)
(53, 6)
(35, 12)
(16, 10)
(53, 7)
(24, 15)
(58, 8)
(53, 8)
(34, 5)
(8, 8)
(53, 9)
(29, 1)
(40, 12)
(53, 10)
(29, 11)
(58, 0)
(53, 11)
(45, 9)
(54, 3)
(53, 12)
(33, 11)
(8, 12)
(53, 13)
(33, 4)
(14, 4)
(53, 14)
(30, 6)
(18, 11)
(53, 15)
(32, 11)
(21, 5)
(54, 0)
(27, 12)
(8, 3)
(54, 1)
(59, 5)
(36, 12)
(54, 2)
(54, 13)
(63, 6)
(54, 3)
(30, 7)
(53, 11)
(54, 4)
(7, 9)
(63, 8)
(54, 5)
(2, 2)
(48, 13)
(54, 6)
(26, 12)
(11, 8)
(54, 7)
(16, 3)
(59, 7)
(54, 8)
(39, 10)
(44, 9)
(54, 9)
(14, 14)
(59, 6)
(54, 10)
(2, 5)
(14, 10)
(54, 11)
(3, 3)
(7, 9)
(54, 12)
(41, 3)
(44, 4)
(54, 13)
(54, 2)
(55, 14)
(54, 14)
(17, 8)
(42, 1)
(54, 15)
(3, 12)
(61, 10)
(55, 0)
(4, 6)
(19, 14)
(55, 1)
(12, 0)
(17, 15)
(55, 2)
(51, 15)
(50, 1)
(55, 3)
(28, 5)
(31, 5)
(55, 4)
(52, 7)
(62, 11)
(55, 5)
(2, 15)
(13, 1)
(55, 6)
(44, 12)
(0, 10)
(55, 7)
(38, 8)
(15, 15)
(55, 8)
(0, 12)
(23, 14)
(55, 9)
(19, 12)
(62, 14)
(55, 10)
(37, 5)
(2, 11)
(55, 11)
(21, 2)
(27, 10)
(55, 12)
(41, 2)
(44, 10)
(55, 13)
(31, 10)
(40, 10)
(55, 14)
(40, 1)
(54, 13)
(55, 15)
(4, 9)
(9, 4)
(56, 0)
(47, 8)
(27, 1)
(56, 1)
(13, 0)
(19, 5)
(56, 2)
(12, 6)
(44, 5)
(56, 3)
(0, 7)
(16, 2)
(56, 4)
(22, 5)
(15, 15)
(56, 5)
(15, 7)
(41, 14)
(56, 6)
(27, 0)
(8, 15)
(56, 7)
(62, 8)
(55, 6)
(56, 8)
(7, 6)
(27, 4)
(56, 9)
(60, 11)
(36, 8)
(56, 10)
(37, 9)
(17, 9)
(56, 11)
(20, 13)
(26, 15)
(56, 12)
(9, 8)
(12, 1)
(56, 13)
(53, 4)
(20, 7)
(56, 14)
(60, 5)
(46, 2)
(56, 15)
(24, 14)
(37, 7)
(57, 0)
(43, 4)
(12, 13)
(57, 1)
(12, 12)
(37, 1)
(57, 2)
(16, 7)
(15, 13)
(57, 3)
(44, 15)
(21, 13)
(57, 4)
(13, 9)
(44, 4)
(57, 5)
(32, 3)
(2, 12)
(57, 6)
(29, 15)
(6, 1)
(57, 7)
(44, 3)
(30, 12)
(57, 8)
(36, 2)
(46, 13)
(57, 9)
(58, 9)
(43, 15)
(57, 10)
(35, 10)
(41, 2)
(57, 11)
(47, 2)
(45, 14)
(57, 12)
(61, 10)
(47, 13)
(57, 13)
(32, 7)
(31, 9)
(57, 14)
(8, 8)
(16, 13)
(57, 15)
(23, 0)
(34, 4)
(58, 0)
(24, 2)
(53, 10)
(58, 1)
(39, 7)
(61, 14)
(58, 2)
(32, 5)
(41, 12)
(58, 3)
(32, 6)
(18, 1)
(58, 4)
(30, 0)
(28, 9)
(58, 5)
(47, 1)
(17, 6)
(58, 6)
(50, 4)
(19, 3)
(58, 7)
(52, 6)
(18, 13)
(58, 8)
(5, 6)
(53, 7)
(58, 9)
(57, 9)
(28, 4)
(58, 10)
(60, 1)
(31, 4)
(58, 11)
(40, 8)
(44, 0)
(58, 12)
(28, 2)
(63, 9)
(58, 13)
(0, 4)
(15, 14)
(58, 14)
(50, 15)
(49, 0)
(58, 15)
(23, 10)
(60, 3)
(59, 0)
(7, 15)
(27, 14)
(59, 1)
(61, 0)
(10, 4)
(59, 2)
(19, 11)
(35, 12)
(59, 3)
(8, 5)
(27, 2)
(59, 4)
(51, 11)
(48, 2)
(59, 5)
(9, 13)
(54, 1)
(59, 6)
(54, 9)
(28, 11)
(59, 7)
(54, 7)
(7, 1)
(59, 8)
(26, 10)
(4, 0)
(59, 9)
(11, 11)
(39, 2)
(59, 10)
(21, 14)
(41, 9)
(59, 11)
(37, 10)
(7, 5)
(59, 12)
(48, 0)
(16, 6)
(59, 13)
(6, 3)
(47, 9)
(59, 14)
(17, 3)
(34, 15)
(59, 15)
(51, 14)
(12, 0)
(60, 0)
(4, 2)
(17, 11)
(60, 1)
(58, 10)
(20, 0)
(60, 2)
(19, 1)
(21, 1)
(60, 3)
(17, 9)
(58, 15)
(60, 4)
(47, 9)
(8, 6)
(60, 5)
(56, 14)
(8, 3)
(60, 6)
(7, 10)
(2, 2)
(60, 7)
(20, 5)
(48, 10)
(60, 8)
(43, 12)
(36, 10)
(60, 9)
(12, 4)
(29, 3)
(60, 10)
(4, 1)
(26, 3)
(60, 11)
(56, 9)
(22, 1)
(60, 12)
(47, 1)
(46, 14)
(60, 13)
(10, 8)
(19, 2)
(60, 14)
(3, 4)
(5, 13)
(60, 15)
(18, 8)
(41, 0)
(61, 0)
(59, 1)
(52, 12)
(61, 1)
(20, 14)
(3, 1)
(61, 2)
(18, 5)
(15, 0)
(61, 3)
(44, 14)
(3, 9)
(61, 4)
(0, 1)
(22, 5)
(61, 5)
(34, 14)
(16, 8)
(61, 6)
(1, 14)
(8, 11)
(61, 7)
(13, 15)
(47, 2)
(61, 8)
(19, 8)
(43, 2)
(61, 9)
(7, 5)
(47, 13)
(61, 10)
(57, 12)
(54, 15)
(61, 11)
(17, 2)
(46, 9)
(61, 12)
(5, 0)
(29, 10)
(61, 13)
(48, 8)
(51, 7)
(61, 14)
(0, 0)
(2, 6)
(61, 15)
(12, 10)
(34, 5)
(62, 0)
(7, 4)
(1, 8)
(62, 1)
(5, 12)
(5, 9)
(62, 2)
(48, 1)
(50, 6)
(62, 3)
(33, 0)
(23, 1)
(62, 4)
(42, 12)
(52, 2)
(62, 5)
(10, 1)
(46, 8)
(62, 6)
(27, 5)
(6, 10)
(62, 7)
(30, 14)
(9, 3)
(62, 8)
(63, 5)
(56, 7)
(62, 9)
(16, 1)
(33, 14)
(62, 10)
(4, 13)
(39, 3)
(62, 11)
(55, 4)
(16, 6)
(62, 12)
(45, 1)
(63, 15)
(62, 13)
(19, 2)
(16, 1)
(62, 14)
(41, 6)
(55, 9)
(62, 15)
(14, 4)
(30, 9)
(63, 0)
(7, 13)
(21, 7)
(63, 1)
(36, 15)
(40, 15)
(63, 2)
(48, 13)
(29, 14)
(63, 3)
(45, 4)
(46, 15)
(63, 4)
(16, 2)
(51, 2)
(63, 5)
(62, 8)
(29, 2)
(63, 6)
(37, 11)
(54, 2)
(63, 7)
(50, 9)
(0, 3)
(63, 8)
(52, 4)
(54, 4)
(63, 9)
(58, 12)
(41, 11)
(63, 10)
(11, 8)
(47, 8)
(63, 11)
(45, 3)
(27, 11)
(63, 12)
(25, 0)
(37, 0)
(63, 13)
(22, 12)
(50, 10)
(63, 14)
(41, 15)
(50, 15)
(63, 15)
(5, 10)
(62, 12)
